magenta: 3672.259829
yellow: 1351.897436
cyan: 0.000000
white: 0.000000
