magenta: 7988.519658
yellow: 0.000000
cyan: 0.000000
white: 0.000000
