magenta: 7936.779487
yellow: 0.000000
cyan: 0.000000
white: 0.000000
