magenta: 3674.126496
yellow: 0.000000
cyan: 0.000000
white: 0.000000
