magenta: 5128.259829
yellow: 0.000000
cyan: 0.000000
white: 0.000000
