magenta: 7009.237607
yellow: 2165.237607
cyan: 0.000000
white: 0.000000
