magenta: 4716.061538
yellow: 4937.668376
cyan: 0.000000
white: 0.000000
