magenta: 1339.692308
yellow: 1742.700855
cyan: 0.000000
white: 0.000000
