magenta: 6729.381197
yellow: 0.000000
cyan: 0.000000
white: 0.000000
