magenta: 3272.745299
yellow: 2088.800000
cyan: 0.000000
white: 0.000000
