magenta: 2671.247863
yellow: 2821.729915
cyan: 0.000000
white: 0.000000
