magenta: 4323.200000
yellow: 0.000000
cyan: 0.000000
white: 0.000000
