magenta: 665.155556
yellow: 3193.818803
cyan: 0.000000
white: 0.000000
