magenta: 5888.902564
yellow: 0.000000
cyan: 0.000000
white: 0.000000
