magenta: 5023.678632
yellow: 0.000000
cyan: 0.000000
white: 0.000000
