magenta: 1131.870085
yellow: 3401.449573
cyan: 0.000000
white: 0.000000
