magenta: 5349.627350
yellow: 2257.182906
cyan: 0.000000
white: 0.000000
