magenta: 4187.268376
yellow: 0.000000
cyan: 0.000000
white: 0.000000
