magenta: 2529.955556
yellow: 7654.338462
cyan: 0.000000
white: 0.000000
