magenta: 1284.362393
yellow: 4619.042735
cyan: 0.000000
white: 0.000000
