magenta: 3751.473504
yellow: 1866.188034
cyan: 0.000000
white: 0.000000
