magenta: 1310.926496
yellow: 6462.735043
cyan: 0.000000
white: 0.000000
