magenta: 4339.712821
yellow: 1271.247863
cyan: 0.000000
white: 0.000000
