magenta: 1306.427350
yellow: 1247.316239
cyan: 0.000000
white: 0.000000
