magenta: 0.000000
yellow: 3504.307692
cyan: 0.000000
white: 0.000000
