magenta: 3042.570940
yellow: 1512.239316
cyan: 0.000000
white: 0.000000
