magenta: 0.000000
yellow: 1218.502564
cyan: 0.000000
white: 0.000000
