magenta: 3737.449573
yellow: 2577.531624
cyan: 0.000000
white: 0.000000
