magenta: 5862.912821
yellow: 727.234188
cyan: 0.000000
white: 0.000000
