magenta: 985.408547
yellow: 2720.834188
cyan: 0.000000
white: 0.000000
