magenta: 9896.444444
yellow: 0.000000
cyan: 0.000000
white: 0.000000
