magenta: 6814.912821
yellow: 7408.225641
cyan: 0.000000
white: 0.000000
