magenta: 6209.203419
yellow: 0.000000
cyan: 0.000000
white: 0.000000
