magenta: 352.943590
yellow: 4521.928205
cyan: 0.000000
white: 0.000000
