magenta: 8954.830769
yellow: 0.000000
cyan: 0.000000
white: 0.000000
