magenta: 8661.237607
yellow: 0.000000
cyan: 0.000000
white: 0.000000
