magenta: 0.000000
yellow: 1589.299145
cyan: 0.000000
white: 0.000000
