magenta: 2285.565812
yellow: 4958.297436
cyan: 0.000000
white: 0.000000
