magenta: 4683.323077
yellow: 1304.608547
cyan: 0.000000
white: 0.000000
