magenta: 1814.639316
yellow: 2097.271795
cyan: 0.000000
white: 0.000000
