magenta: 2809.189744
yellow: 0.000000
cyan: 0.000000
white: 0.000000
