magenta: 7563.158974
yellow: 2637.647863
cyan: 0.000000
white: 0.000000
