magenta: 8632.902564
yellow: 4380.588034
cyan: 0.000000
white: 0.000000
