magenta: 7055.282051
yellow: 1290.680342
cyan: 0.000000
white: 0.000000
