magenta: 1868.006838
yellow: 1027.671795
cyan: 0.000000
white: 0.000000
