magenta: 10249.435897
yellow: 0.000000
cyan: 0.000000
white: 0.000000
