magenta: 2082.290598
yellow: 1652.000000
cyan: 0.000000
white: 0.000000
