magenta: 1982.687179
yellow: 4588.888889
cyan: 0.000000
white: 0.000000
