magenta: 8969.046154
yellow: 1823.733333
cyan: 0.000000
white: 0.000000
