magenta: 7454.673012
yellow: 2348.634988
cyan: 0.000000
white: 0.000000
