magenta: 6584.206265
yellow: 0.000000
cyan: 0.000000
white: 0.000000
