magenta: 972.798636
yellow: 2147.545706
cyan: 0.000000
white: 0.000000
