magenta: 6048.190923
yellow: 0.000000
cyan: 0.000000
white: 0.000000
