magenta: 3145.737055
yellow: 2094.326017
cyan: 0.000000
white: 0.000000
