magenta: 5993.014277
yellow: 3664.712551
cyan: 0.000000
white: 0.000000
