magenta: 6000.603452
yellow: 773.523120
cyan: 0.000000
white: 0.000000
