magenta: 6631.077775
yellow: 1094.989133
cyan: 0.000000
white: 0.000000
