magenta: 1792.763691
yellow: 3541.185596
cyan: 0.000000
white: 0.000000
