magenta: 614.914127
yellow: 4525.153207
cyan: 0.000000
white: 0.000000
