magenta: 1289.921159
yellow: 1954.093330
cyan: 0.000000
white: 0.000000
