magenta: 1876.435542
yellow: 0.000000
cyan: 0.000000
white: 0.000000
