magenta: 1562.510974
yellow: 9164.287236
cyan: 0.000000
white: 0.000000
