magenta: 7280.167057
yellow: 0.000000
cyan: 0.000000
white: 0.000000
