magenta: 10478.216919
yellow: 0.000000
cyan: 0.000000
white: 0.000000
