magenta: 9486.851055
yellow: 0.000000
cyan: 0.000000
white: 0.000000
