magenta: 2439.848285
yellow: 0.000000
cyan: 0.000000
white: 0.000000
