magenta: 10083.982222
yellow: 6540.869457
cyan: 0.000000
white: 0.000000
