magenta: 5189.553282
yellow: 0.000000
cyan: 0.000000
white: 0.000000
