magenta: 8979.548389
yellow: 1014.216434
cyan: 0.000000
white: 0.000000
