magenta: 13724.875521
yellow: 806.068148
cyan: 0.000000
white: 0.000000
