magenta: 6057.909251
yellow: 0.000000
cyan: 0.000000
white: 0.000000
