magenta: 10157.290612
yellow: 0.000000
cyan: 0.000000
white: 0.000000
