magenta: 970.080138
yellow: 2588.320965
cyan: 0.000000
white: 0.000000
