magenta: 2686.047476
yellow: 4031.259121
cyan: 0.000000
white: 0.000000
