magenta: 0.000000
yellow: 3395.847717
cyan: 0.000000
white: 0.000000
