magenta: 7644.438932
yellow: 0.000000
cyan: 0.000000
white: 0.000000
