magenta: 3247.556245
yellow: 980.614505
cyan: 0.000000
white: 0.000000
