magenta: 7186.599139
yellow: 3515.669388
cyan: 0.000000
white: 0.000000
