magenta: 7204.264462
yellow: 0.000000
cyan: 0.000000
white: 0.000000
