magenta: 9097.641344
yellow: 0.000000
cyan: 0.000000
white: 0.000000
