magenta: 1344.347287
yellow: 3116.822050
cyan: 0.000000
white: 0.000000
