magenta: 3932.074005
yellow: 1293.458191
cyan: 0.000000
white: 0.000000
