magenta: 8804.083652
yellow: 0.000000
cyan: 0.000000
white: 0.000000
