magenta: 8865.507115
yellow: 0.000000
cyan: 0.000000
white: 0.000000
