magenta: 2671.461430
yellow: 3298.337295
cyan: 0.000000
white: 0.000000
