magenta: 5232.825220
yellow: 676.792558
cyan: 0.000000
white: 0.000000
