magenta: 0.000000
yellow: 5810.918863
cyan: 0.000000
white: 0.000000
