magenta: 5755.005685
yellow: 851.825116
cyan: 0.000000
white: 0.000000
