magenta: 4272.631180
yellow: 1146.193144
cyan: 0.000000
white: 0.000000
