magenta: 6122.628079
yellow: 1192.382291
cyan: 0.000000
white: 0.000000
