magenta: 7650.057261
yellow: 1556.385185
cyan: 0.000000
white: 0.000000
