magenta: 3118.118587
yellow: 6215.600620
cyan: 0.000000
white: 0.000000
