magenta: 4191.543566
yellow: 883.158105
cyan: 0.000000
white: 0.000000
