magenta: 9150.583290
yellow: 0.000000
cyan: 0.000000
white: 0.000000
