magenta: 2719.973540
yellow: 2269.102636
cyan: 0.000000
white: 0.000000
