magenta: 7181.791146
yellow: 2266.563583
cyan: 0.000000
white: 0.000000
