magenta: 6370.266736
yellow: 0.000000
cyan: 0.000000
white: 0.000000
