magenta: 11913.882791
yellow: 613.748424
cyan: 0.000000
white: 0.000000
