magenta: 0.000000
yellow: 4239.785564
cyan: 0.000000
white: 0.000000
