magenta: 0.000000
yellow: 1456.335711
cyan: 0.000000
white: 0.000000
