magenta: 0.000000
yellow: 1009.408441
cyan: 0.000000
white: 0.000000
