magenta: 0.000000
yellow: 910.061258
cyan: 0.000000
white: 0.000000
