magenta: 0.000000
yellow: 1462.278174
cyan: 0.000000
white: 0.000000
