magenta: 1796.676796
yellow: 5393.649888
cyan: 0.000000
white: 0.000000
