magenta: 0.000000
yellow: 1598.684720
cyan: 0.000000
white: 0.000000
