magenta: 0.000000
yellow: 1236.626632
cyan: 0.000000
white: 0.000000
