magenta: 0.000000
yellow: 1038.418467
cyan: 0.000000
white: 0.000000
