magenta: 0.000000
yellow: 491.387700
cyan: 0.000000
white: 0.000000
