magenta: 610.885237
yellow: 2086.993144
cyan: 0.000000
white: 0.000000
