magenta: 0.000000
yellow: 1106.864841
cyan: 0.000000
white: 0.000000
