magenta: 1136.090956
yellow: 706.558898
cyan: 0.000000
white: 0.000000
