magenta: 0.000000
yellow: 863.169819
cyan: 0.000000
white: 0.000000
