magenta: 0.000000
yellow: 1810.236417
cyan: 0.000000
white: 0.000000
