magenta: 0.000000
yellow: 1088.605271
cyan: 0.000000
white: 0.000000
