magenta: 2214.053816
yellow: 0.000000
cyan: 0.000000
white: 0.000000
