magenta: 0.000000
yellow: 584.144152
cyan: 0.000000
white: 0.000000
