magenta: 0.000000
yellow: 2639.210060
cyan: 0.000000
white: 0.000000
