magenta: 3009.155418
yellow: 0.000000
cyan: 0.000000
white: 0.000000
