magenta: 0.000000
yellow: 672.794901
cyan: 0.000000
white: 0.000000
