magenta: 0.000000
yellow: 3308.401600
cyan: 0.000000
white: 0.000000
