magenta: 0.000000
yellow: 830.491200
cyan: 0.000000
white: 0.000000
