magenta: 4107.532800
yellow: 1142.876000
cyan: 0.000000
white: 0.000000
