magenta: 0.000000
yellow: 1797.790400
cyan: 0.000000
white: 0.000000
