magenta: 4668.916000
yellow: 0.000000
cyan: 0.000000
white: 0.000000
