magenta: 0.000000
yellow: 3696.128800
cyan: 0.000000
white: 0.000000
