magenta: 3602.950565
yellow: 3071.868817
cyan: 0.000000
white: 0.000000
