magenta: 0.000000
yellow: 1973.984188
cyan: 0.000000
white: 0.000000
