magenta: 6375.958400
yellow: 2256.156000
cyan: 0.000000
white: 0.000000
