magenta: 0.000000
yellow: 6096.815200
cyan: 0.000000
white: 0.000000
