magenta: 6049.148000
yellow: 1558.944800
cyan: 0.000000
white: 0.000000
