magenta: 1093.562400
yellow: 1950.200000
cyan: 0.000000
white: 0.000000
