magenta: 2865.010400
yellow: 1324.097600
cyan: 0.000000
white: 0.000000
