magenta: 3742.737600
yellow: 1347.108000
cyan: 0.000000
white: 0.000000
