magenta: 3489.740800
yellow: 1173.608800
cyan: 0.000000
white: 0.000000
