magenta: 1358.593600
yellow: 1863.568000
cyan: 0.000000
white: 0.000000
