magenta: 3337.252800
yellow: 2070.191200
cyan: 0.000000
white: 0.000000
