magenta: 7588.963200
yellow: 0.000000
cyan: 0.000000
white: 0.000000
