magenta: 0.000000
yellow: 5550.367200
cyan: 0.000000
white: 0.000000
