magenta: 5835.272800
yellow: 3293.780000
cyan: 0.000000
white: 0.000000
