magenta: 3827.605600
yellow: 671.064800
cyan: 0.000000
white: 0.000000
