magenta: 2662.979914
yellow: 389.609509
cyan: 0.000000
white: 0.000000
