magenta: 7975.542188
yellow: 0.000000
cyan: 0.000000
white: 0.000000
