magenta: 6392.091783
yellow: 1545.526684
cyan: 0.000000
white: 0.000000
