magenta: 5900.487993
yellow: 1185.413402
cyan: 0.000000
white: 0.000000
