magenta: 1839.138398
yellow: 2593.237003
cyan: 0.000000
white: 0.000000
