magenta: 0.000000
yellow: 6571.001709
cyan: 0.000000
white: 0.000000
