magenta: 5064.697436
yellow: 2272.834188
cyan: 0.000000
white: 0.000000
