magenta: 1687.849573
yellow: 3513.066667
cyan: 0.000000
white: 0.000000
