magenta: 6360.929915
yellow: 4872.909402
cyan: 0.000000
white: 0.000000
