magenta: 3786.796581
yellow: 713.928205
cyan: 0.000000
white: 0.000000
