magenta: 4107.671795
yellow: 1330.789744
cyan: 0.000000
white: 0.000000
