magenta: 3390.488889
yellow: 6155.500855
cyan: 0.000000
white: 0.000000
