magenta: 0.000000
yellow: 9717.483761
cyan: 0.000000
white: 0.000000
