magenta: 6661.080342
yellow: 1581.210256
cyan: 0.000000
white: 0.000000
