magenta: 5323.158974
yellow: 1398.564103
cyan: 0.000000
white: 0.000000
