magenta: 572.683761
yellow: 9833.791453
cyan: 0.000000
white: 0.000000
