magenta: 8620.076154
yellow: 2730.788816
cyan: 0.000000
white: 0.000000
