magenta: 3107.952137
yellow: 5601.388034
cyan: 0.000000
white: 0.000000
