magenta: 1852.164103
yellow: 2385.169231
cyan: 0.000000
white: 0.000000
