magenta: 1837.422222
yellow: 2124.888889
cyan: 0.000000
white: 0.000000
