magenta: 3280.738462
yellow: 3975.712821
cyan: 0.000000
white: 0.000000
