magenta: 5287.835897
yellow: 1927.452991
cyan: 0.000000
white: 0.000000
