magenta: 1137.805128
yellow: 2028.540171
cyan: 0.000000
white: 0.000000
