magenta: 3887.022222
yellow: 876.232479
cyan: 0.000000
white: 0.000000
