magenta: 7877.189744
yellow: 0.000000
cyan: 0.000000
white: 0.000000
