magenta: 7087.781197
yellow: 0.000000
cyan: 0.000000
white: 0.000000
