magenta: 4398.728205
yellow: 2091.815385
cyan: 0.000000
white: 0.000000
