magenta: 1064.619328
yellow: 5562.037692
cyan: 0.000000
white: 0.000000
