magenta: 2863.511042
yellow: 571.286822
cyan: 0.000000
white: 0.000000
