magenta: 1574.050508
yellow: 419.267804
cyan: 0.000000
white: 0.000000
