magenta: 1730.229251
yellow: 1001.143015
cyan: 0.000000
white: 0.000000
