magenta: 1416.143049
yellow: 812.118656
cyan: 0.000000
white: 0.000000
