magenta: 1074.343359
yellow: 3701.560448
cyan: 0.000000
white: 0.000000
