magenta: 2748.173230
yellow: 0.000000
cyan: 0.000000
white: 0.000000
