magenta: 5958.183910
yellow: 1427.703842
cyan: 0.000000
white: 0.000000
