magenta: 5328.174746
yellow: 2207.571128
cyan: 0.000000
white: 0.000000
