magenta: 5160.597278
yellow: 1185.845581
cyan: 0.000000
white: 0.000000
