magenta: 2792.039414
yellow: 1375.302119
cyan: 0.000000
white: 0.000000
