magenta: 5448.428596
yellow: 841.452817
cyan: 0.000000
white: 0.000000
