magenta: 1099.355728
yellow: 2135.289165
cyan: 0.000000
white: 0.000000
