magenta: 1280.060637
yellow: 734.326408
cyan: 0.000000
white: 0.000000
