magenta: 1626.344186
yellow: 1396.911077
cyan: 0.000000
white: 0.000000
