magenta: 2424.200930
yellow: 0.000000
cyan: 0.000000
white: 0.000000
