magenta: 4230.547735
yellow: 1965.442756
cyan: 0.000000
white: 0.000000
