magenta: 2964.640965
yellow: 3082.625874
cyan: 0.000000
white: 0.000000
