magenta: 6208.037485
yellow: 634.114866
cyan: 0.000000
white: 0.000000
