magenta: 3213.846270
yellow: 1941.294746
cyan: 0.000000
white: 0.000000
