magenta: 2236.851266
yellow: 1150.082756
cyan: 0.000000
white: 0.000000
