magenta: 5388.679828
yellow: 1160.941258
cyan: 0.000000
white: 0.000000
