magenta: 1288.542153
yellow: 0.000000
cyan: 0.000000
white: 0.000000
