magenta: 2663.736227
yellow: 3499.354625
cyan: 0.000000
white: 0.000000
