magenta: 0.000000
yellow: 1609.867356
cyan: 0.000000
white: 0.000000
