magenta: 4487.910422
yellow: 0.000000
cyan: 0.000000
white: 0.000000
