magenta: 6089.674419
yellow: 0.000000
cyan: 0.000000
white: 0.000000
