magenta: 5620.868079
yellow: 0.000000
cyan: 0.000000
white: 0.000000
