magenta: 586.953316
yellow: 800.287752
cyan: 0.000000
white: 0.000000
