magenta: 5273.612127
yellow: 0.000000
cyan: 0.000000
white: 0.000000
