magenta: 0.000000
yellow: 2065.600276
cyan: 0.000000
white: 0.000000
