magenta: 0.000000
yellow: 3108.834400
cyan: 0.000000
white: 0.000000
