magenta: 14101.141600
yellow: 6338.444000
cyan: 0.000000
white: 0.000000
