magenta: 3676.136800
yellow: 9156.179200
cyan: 0.000000
white: 0.000000
