magenta: 3933.328000
yellow: 12123.854400
cyan: 0.000000
white: 0.000000
