magenta: 5885.840800
yellow: 9145.360000
cyan: 0.000000
white: 0.000000
