magenta: 4937.592800
yellow: 1991.712800
cyan: 0.000000
white: 0.000000
