magenta: 0.000000
yellow: 7677.045600
cyan: 0.000000
white: 0.000000
