magenta: 1451.772000
yellow: 5293.568000
cyan: 0.000000
white: 0.000000
