magenta: 716.576000
yellow: 6160.358400
cyan: 0.000000
white: 0.000000
