magenta: 948.483200
yellow: 6552.828800
cyan: 0.000000
white: 0.000000
