magenta: 0.000000
yellow: 22154.742400
cyan: 0.000000
white: 0.000000
