magenta: 7093.867200
yellow: 2436.280000
cyan: 0.000000
white: 0.000000
