magenta: 10630.138400
yellow: 6671.722400
cyan: 0.000000
white: 0.000000
