magenta: 11767.526400
yellow: 5826.570400
cyan: 0.000000
white: 0.000000
