magenta: 5152.840000
yellow: 5867.691200
cyan: 0.000000
white: 0.000000
