magenta: 4316.664800
yellow: 11897.670400
cyan: 0.000000
white: 0.000000
