magenta: 11478.936000
yellow: 2465.758400
cyan: 0.000000
white: 0.000000
