magenta: 257.125000
yellow: 10339.125000
cyan: 0.000000
white: 0.000000
