magenta: 5320.375000
yellow: 2508.125000
cyan: 0.000000
white: 0.000000
