magenta: 5325.625000
yellow: 3769.125000
cyan: 0.000000
white: 0.000000
