magenta: 936.375000
yellow: 8823.000000
cyan: 0.000000
white: 0.000000
