magenta: 8946.875000
yellow: 3662.000000
cyan: 0.000000
white: 0.000000
