magenta: 5023.125000
yellow: 1436.625000
cyan: 0.000000
white: 0.000000
