magenta: 0.000000
yellow: 7928.250000
cyan: 0.000000
white: 0.000000
