magenta: 9008.500000
yellow: 1633.375000
cyan: 0.000000
white: 0.000000
