magenta: 2805.875000
yellow: 0.000000
cyan: 0.000000
white: 0.000000
