magenta: 2436.000000
yellow: 4644.625000
cyan: 0.000000
white: 0.000000
