magenta: 4671.250000
yellow: 0.000000
cyan: 0.000000
white: 0.000000
