magenta: 3571.625000
yellow: 3419.000000
cyan: 0.000000
white: 0.000000
