magenta: 2727.750000
yellow: 3412.500000
cyan: 0.000000
white: 0.000000
