magenta: 1306.250000
yellow: 4591.375000
cyan: 0.000000
white: 0.000000
