magenta: 4093.125000
yellow: 623.750000
cyan: 0.000000
white: 0.000000
