magenta: 1106.500000
yellow: 1520.125000
cyan: 0.000000
white: 0.000000
