magenta: 6664.899217
yellow: 919.875000
cyan: 0.000000
white: 0.000000
