magenta: 0.000000
yellow: 6576.199287
cyan: 0.000000
white: 0.000000
