magenta: 7043.367168
yellow: 4857.894737
cyan: 0.000000
white: 0.000000
