magenta: 0.000000
yellow: 9399.624060
cyan: 0.000000
white: 0.000000
