magenta: 4439.598997
yellow: 659.273183
cyan: 0.000000
white: 0.000000
