magenta: 4851.629073
yellow: 1056.015038
cyan: 0.000000
white: 0.000000
