magenta: 3743.358396
yellow: 2522.180451
cyan: 0.000000
white: 0.000000
