magenta: 9029.448622
yellow: 668.671679
cyan: 0.000000
white: 0.000000
