magenta: 518.671679
yellow: 4730.701754
cyan: 0.000000
white: 0.000000
