magenta: 5309.899749
yellow: 712.781955
cyan: 0.000000
white: 0.000000
