magenta: 4003.007519
yellow: 3752.756892
cyan: 0.000000
white: 0.000000
