magenta: 0.000000
yellow: 3822.055138
cyan: 0.000000
white: 0.000000
