magenta: 2897.619048
yellow: 1765.037594
cyan: 0.000000
white: 0.000000
