magenta: 0.000000
yellow: 8363.408521
cyan: 0.000000
white: 0.000000
