magenta: 1198.245614
yellow: 5784.711779
cyan: 0.000000
white: 0.000000
