magenta: 11685.714286
yellow: 0.000000
cyan: 0.000000
white: 0.000000
