magenta: 3770.175439
yellow: 857.518797
cyan: 0.000000
white: 0.000000
