magenta: 830.075188
yellow: 707.268170
cyan: 0.000000
white: 0.000000
