magenta: 5293.483709
yellow: 0.000000
cyan: 0.000000
white: 0.000000
