magenta: 3930.576441
yellow: 2458.020050
cyan: 0.000000
white: 0.000000
