magenta: 1601.503759
yellow: 2483.959900
cyan: 0.000000
white: 0.000000
