magenta: 824.060150
yellow: 4240.476190
cyan: 0.000000
white: 0.000000
