magenta: 0.000000
yellow: 772.305764
cyan: 0.000000
white: 0.000000
