magenta: 6459.899749
yellow: 0.000000
cyan: 0.000000
white: 0.000000
