magenta: 0.000000
yellow: 3434.711779
cyan: 0.000000
white: 0.000000
