magenta: 8054.636591
yellow: 0.000000
cyan: 0.000000
white: 0.000000
