magenta: 1000.000000
yellow: 10212.781955
cyan: 0.000000
white: 0.000000
