magenta: 4802.274153
yellow: 3024.044800
cyan: 0.000000
white: 0.000000
