magenta: 0.000000
yellow: 608.776060
cyan: 0.000000
white: 0.000000
