magenta: 0.000000
yellow: 1913.077435
cyan: 0.000000
white: 0.000000
