magenta: 0.000000
yellow: 2046.083244
cyan: 0.000000
white: 0.000000
