magenta: 0.000000
yellow: 1296.344128
cyan: 0.000000
white: 0.000000
