magenta: 2487.945261
yellow: 833.391949
cyan: 0.000000
white: 0.000000
