magenta: 1752.435987
yellow: 785.528835
cyan: 0.000000
white: 0.000000
