magenta: 4024.075953
yellow: 1879.052348
cyan: 0.000000
white: 0.000000
