magenta: 340.569898
yellow: 2081.245673
cyan: 0.000000
white: 0.000000
