magenta: 0.000000
yellow: 1907.158744
cyan: 0.000000
white: 0.000000
