magenta: 0.000000
yellow: 1747.849600
cyan: 0.000000
white: 0.000000
