magenta: 2309.154400
yellow: 3863.787200
cyan: 0.000000
white: 0.000000
