magenta: 0.000000
yellow: 1408.299200
cyan: 0.000000
white: 0.000000
