magenta: 0.000000
yellow: 3216.007200
cyan: 0.000000
white: 0.000000
