magenta: 0.000000
yellow: 1812.059200
cyan: 0.000000
white: 0.000000
