magenta: 0.000000
yellow: 2437.612800
cyan: 0.000000
white: 0.000000
