magenta: 2624.479200
yellow: 2904.798400
cyan: 0.000000
white: 0.000000
