magenta: 3871.705600
yellow: 3199.739200
cyan: 0.000000
white: 0.000000
