magenta: 4308.668000
yellow: 493.292800
cyan: 0.000000
white: 0.000000
