magenta: 1319.354400
yellow: 405.798400
cyan: 0.000000
white: 0.000000
