magenta: 0.000000
yellow: 817.790400
cyan: 0.000000
white: 0.000000
