magenta: 3316.359200
yellow: 1621.978400
cyan: 0.000000
white: 0.000000
