magenta: 5136.846400
yellow: 1080.822400
cyan: 0.000000
white: 0.000000
