magenta: 2656.231200
yellow: 4482.402400
cyan: 0.000000
white: 0.000000
