magenta: 1346.363200
yellow: 3239.801600
cyan: 0.000000
white: 0.000000
