magenta: 1939.302400
yellow: 801.640000
cyan: 0.000000
white: 0.000000
