magenta: 6600.143200
yellow: 0.000000
cyan: 0.000000
white: 0.000000
