magenta: 4627.716800
yellow: 834.528800
cyan: 0.000000
white: 0.000000
