magenta: 0.000000
yellow: 1560.277600
cyan: 0.000000
white: 0.000000
