magenta: 1950.121600
yellow: 3213.302400
cyan: 0.000000
white: 0.000000
