magenta: 3414.712000
yellow: 0.000000
cyan: 0.000000
white: 0.000000
