magenta: 1126.372800
yellow: 0.000000
cyan: 0.000000
white: 0.000000
