magenta: 0.000000
yellow: 2994.135200
cyan: 0.000000
white: 0.000000
