magenta: 1071.140000
yellow: 1231.154400
cyan: 0.000000
white: 0.000000
