magenta: 2408.487200
yellow: 2103.550400
cyan: 0.000000
white: 0.000000
