magenta: 1275.568000
yellow: 800.934400
cyan: 0.000000
white: 0.000000
