magenta: 1096.345600
yellow: 1324.724800
cyan: 0.000000
white: 0.000000
