magenta: 0.000000
yellow: 2599.195200
cyan: 0.000000
white: 0.000000
