magenta: 1768.116000
yellow: 364.638400
cyan: 0.000000
white: 0.000000
