magenta: 514.970400
yellow: 1885.128000
cyan: 0.000000
white: 0.000000
