magenta: 5430.101437
yellow: 2460.074731
cyan: 0.000000
white: 0.000000
