magenta: 6904.256800
yellow: 2475.597600
cyan: 0.000000
white: 0.000000
