magenta: 2874.378534
yellow: 0.000000
cyan: 0.000000
white: 0.000000
