magenta: 1222.726400
yellow: 0.000000
cyan: 0.000000
white: 0.000000
