magenta: 2602.605600
yellow: 2375.520000
cyan: 0.000000
white: 0.000000
