magenta: 0.000000
yellow: 1327.116000
cyan: 0.000000
white: 0.000000
