magenta: 6959.568000
yellow: 6935.460000
cyan: 0.000000
white: 0.000000
