magenta: 0.000000
yellow: 3006.169600
cyan: 0.000000
white: 0.000000
