magenta: 3995.773600
yellow: 665.694400
cyan: 0.000000
white: 0.000000
