magenta: 722.220800
yellow: 8135.881600
cyan: 0.000000
white: 0.000000
