magenta: 3323.689600
yellow: 612.578400
cyan: 0.000000
white: 0.000000
