magenta: 1469.686400
yellow: 3723.608000
cyan: 0.000000
white: 0.000000
