magenta: 956.872000
yellow: 2909.776800
cyan: 0.000000
white: 0.000000
