magenta: 4142.185600
yellow: 2776.967200
cyan: 0.000000
white: 0.000000
