magenta: 2085.596800
yellow: 2682.730400
cyan: 0.000000
white: 0.000000
