magenta: 3392.328800
yellow: 3191.036800
cyan: 0.000000
white: 0.000000
