magenta: 5662.283200
yellow: 3302.482400
cyan: 0.000000
white: 0.000000
