magenta: 6952.472800
yellow: 7503.272000
cyan: 0.000000
white: 0.000000
