magenta: 2204.255200
yellow: 3789.542400
cyan: 0.000000
white: 0.000000
