magenta: 10914.965600
yellow: 883.293600
cyan: 0.000000
white: 0.000000
