magenta: 5195.215200
yellow: 7687.786400
cyan: 0.000000
white: 0.000000
