magenta: 8872.645600
yellow: 1905.120000
cyan: 0.000000
white: 0.000000
