magenta: 7840.901600
yellow: 8680.291200
cyan: 0.000000
white: 0.000000
