magenta: 0.000000
yellow: 2682.808800
cyan: 0.000000
white: 0.000000
