magenta: 2006.726400
yellow: 4203.572800
cyan: 0.000000
white: 0.000000
