magenta: 0.000000
yellow: 1213.556414
cyan: 0.000000
white: 0.000000
