magenta: 5193.307593
yellow: 3146.117546
cyan: 0.000000
white: 0.000000
