magenta: 2720.720721
yellow: 4437.752038
cyan: 0.000000
white: 0.000000
