magenta: 7294.551695
yellow: 2534.534535
cyan: 0.000000
white: 0.000000
