magenta: 0.000000
yellow: 5999.656800
cyan: 0.000000
white: 0.000000
