magenta: 2327.396695
yellow: 12524.818666
cyan: 0.000000
white: 0.000000
