magenta: 1015.413534
yellow: 6541.854637
cyan: 0.000000
white: 0.000000
