magenta: 0.000000
yellow: 5155.889724
cyan: 0.000000
white: 0.000000
