magenta: 0.000000
yellow: 6208.771930
cyan: 0.000000
white: 0.000000
