magenta: 5033.583960
yellow: 4638.345865
cyan: 0.000000
white: 0.000000
