magenta: 1465.288221
yellow: 1999.749373
cyan: 0.000000
white: 0.000000
