magenta: 7877.318296
yellow: 569.924812
cyan: 0.000000
white: 0.000000
