magenta: 3122.681704
yellow: 1745.488722
cyan: 0.000000
white: 0.000000
