magenta: 9065.162907
yellow: 0.000000
cyan: 0.000000
white: 0.000000
