magenta: 6144.360902
yellow: 740.726817
cyan: 0.000000
white: 0.000000
