magenta: 1955.388471
yellow: 1010.401003
cyan: 0.000000
white: 0.000000
