magenta: 0.000000
yellow: 6024.937684
cyan: 0.000000
white: 0.000000
