magenta: 1205.137845
yellow: 0.000000
cyan: 0.000000
white: 0.000000
