magenta: 0.000000
yellow: 8878.195489
cyan: 0.000000
white: 0.000000
