magenta: 0.000000
yellow: 7440.476190
cyan: 0.000000
white: 0.000000
