magenta: 1514.912281
yellow: 4900.375940
cyan: 0.000000
white: 0.000000
