magenta: 0.000000
yellow: 1738.847118
cyan: 0.000000
white: 0.000000
