magenta: 5688.220551
yellow: 1333.458647
cyan: 0.000000
white: 0.000000
