magenta: 0.000000
yellow: 4733.208020
cyan: 0.000000
white: 0.000000
