magenta: 727.944862
yellow: 2236.340852
cyan: 0.000000
white: 0.000000
