magenta: 0.000000
yellow: 535.714286
cyan: 0.000000
white: 0.000000
