magenta: 0.000000
yellow: 1159.752765
cyan: 0.000000
white: 0.000000
