magenta: 539.737743
yellow: 4178.740258
cyan: 0.000000
white: 0.000000
