magenta: 3590.112248
yellow: 3554.673557
cyan: 0.000000
white: 0.000000
