magenta: 1971.115108
yellow: 1446.125478
cyan: 0.000000
white: 0.000000
