magenta: 729.518415
yellow: 1091.306391
cyan: 0.000000
white: 0.000000
