magenta: 0.000000
yellow: 6812.926236
cyan: 0.000000
white: 0.000000
