magenta: 990.608648
yellow: 1992.129819
cyan: 0.000000
white: 0.000000
