magenta: 0.000000
yellow: 1183.900775
cyan: 0.000000
white: 0.000000
