magenta: 0.000000
yellow: 1911.096227
cyan: 0.000000
white: 0.000000
