magenta: 4787.464599
yellow: 1153.594212
cyan: 0.000000
white: 0.000000
