magenta: 0.000000
yellow: 2386.763411
cyan: 0.000000
white: 0.000000
