magenta: 8978.792076
yellow: 0.000000
cyan: 0.000000
white: 0.000000
