magenta: 1622.238484
yellow: 1492.638760
cyan: 0.000000
white: 0.000000
