magenta: 4158.860017
yellow: 4185.006856
cyan: 0.000000
white: 0.000000
