magenta: 1462.926443
yellow: 0.000000
cyan: 0.000000
white: 0.000000
