magenta: 0.000000
yellow: 4007.219156
cyan: 0.000000
white: 0.000000
