magenta: 1410.740810
yellow: 2293.628803
cyan: 0.000000
white: 0.000000
