magenta: 0.000000
yellow: 3143.563135
cyan: 0.000000
white: 0.000000
