magenta: 1074.505426
yellow: 2287.146115
cyan: 0.000000
white: 0.000000
